"","0"
"phosphate",41
"silicate",41
